#th	d'	n_p
0	12.635417	1.998227
1	12.663187	2.016410
2	12.677352	2.024502
3	12.711449	2.043355
4	12.810082	2.095845
5	12.833267	2.106946
6	12.910209	2.143352
7	13.033345	2.199894
8	13.134719	2.244917
9	13.508107	2.414109
10	13.616891	2.463309
11	13.684562	2.492707
12	13.813904	2.548556
13	13.930108	2.597901
14	14.077057	2.659943
15	14.208500	2.714917
16	14.354383	2.775710
17	14.512635	2.841693
18	14.632815	2.891282
19	14.740204	2.935039
20	14.868138	2.987106
21	14.998340	3.039952
22	15.148079	3.101012
23	15.284935	3.156765
24	15.399416	3.202995
25	15.528068	3.255091
26	15.654385	3.306199
27	15.760710	3.348753
28	15.869198	3.392043
29	15.992492	3.441509
30	16.108693	3.487976
31	16.222571	3.533423
32	16.341304	3.580925
33	16.472318	3.633783
34	16.586956	3.679754
35	16.695309	3.723019
36	16.806449	3.767471
37	16.932584	3.818519
38	17.055712	3.868473
39	17.172856	3.915974
40	17.283353	3.960641
41	17.389247	4.003307
42	17.506947	4.051312
43	17.623312	4.098896
44	17.737273	4.145557
45	17.846263	4.190085
46	17.958417	4.236175
47	18.084523	4.288934
48	18.217157	4.345176
49	18.354095	4.404025
50	18.478208	4.457280
51	18.599289	4.509459
52	18.718398	4.561031
53	18.832086	4.610233
54	18.947863	4.660759
55	19.066387	4.713008
56	19.181871	4.764060
57	19.294766	4.814088
58	19.408908	4.865070
59	19.519228	4.914334
60	19.630066	4.964142
61	19.743007	5.015382
62	19.857921	5.068048
63	19.970309	5.119682
64	20.083569	5.172151
65	20.197068	5.225128
66	20.320381	5.284218
67	20.444575	5.344476
68	20.563088	5.401994
69	20.685167	5.462257
70	20.809646	5.524698
71	20.934188	5.587954
72	21.071519	5.660339
73	21.196604	5.725870
74	21.322891	5.793116
75	21.449538	5.861592
76	21.577640	5.932136
77	21.704550	6.002953
78	21.830900	6.074494
79	21.955145	6.145597
80	22.080243	6.218487
81	22.205253	6.292516
82	22.328921	6.366709
83	22.451964	6.441629
84	22.575495	6.518245
85	22.700676	6.597685
86	22.825824	6.678628
87	22.949603	6.759897
88	23.073044	6.842448
89	23.194562	6.924760
90	23.315292	7.007890
91	136.074157	7.089036
92	137.024859	7.170459
93	137.977416	7.252735
94	138.935635	7.336650
95	139.893442	7.421021
96	140.843445	7.504380
97	141.795056	7.588714
98	142.743654	7.673098
99	143.700259	7.759925
100	144.659487	7.848075
101	145.619857	7.937273
102	146.584508	8.028268
103	147.559969	8.122586
104	148.533611	8.217381
105	149.496258	8.310577
106	150.458608	8.404777
107	151.424626	8.500996
108	152.395018	8.599468
109	153.369229	8.700122
110	154.343134	8.801992
111	155.305041	8.902187
112	156.289175	9.009628
113	157.253431	9.113343
114	158.220664	9.219529
115	159.190153	9.328072
116	160.146202	9.434780
117	161.098556	9.542492
118	162.056534	9.653927
119	163.018099	9.768588
120	163.967629	9.882074
121	164.911368	9.996368
122	165.850413	10.111935
123	166.779057	10.227212
124	167.717954	10.348612
125	168.773763	10.509020
126	169.704965	10.632585
127	170.632095	10.758266
128	171.555579	10.886353
129	172.476933	11.017491
130	173.386422	11.148624
131	174.374570	11.310209
132	175.273979	11.445116
133	176.166572	11.582284
134	177.094763	11.736663
135	178.005256	11.889323
136	178.867724	12.029693
137	179.725112	12.173920
138	180.569672	12.319359
139	181.396432	12.464454
140	182.219633	12.614837
141	183.034558	12.768893
142	183.823314	12.920054
143	184.604868	13.076041
144	185.366518	13.232141
145	186.114362	13.391110
146	186.854733	13.555727
147	187.585939	13.725518
148	188.295473	13.895679
149	189.005463	14.075606
150	189.744983	14.277402
151	190.538153	14.511141
152	191.743613	14.934073
153	194.439823	16.142995
154	195.294415	16.379077
155	196.146142	16.625216
156	196.982041	16.873735
157	197.798389	17.122781
158	198.596344	17.373648
159	199.379341	17.629116
160	200.144647	17.887882
161	200.897483	18.153981
162	201.635194	18.426061
163	202.361813	18.707406
164	203.069140	18.992705
165	203.767856	19.290157
166	204.450854	19.595015
167	205.114028	19.904804
168	205.770616	20.230067
169	206.420112	20.570841
170	207.058085	20.924142
171	207.681163	21.287847
172	208.297882	21.669569
173	208.895443	22.059169
174	209.465860	22.450485
175	210.017750	22.851862
176	210.547386	23.260678
177	211.065555	23.687600
178	211.567588	24.128937
179	212.050001	24.582098
180	212.519599	25.054620
181	212.967542	25.538357
182	213.386461	26.026528
183	213.787127	26.531545
184	214.174296	27.059504
185	214.538189	27.600374
186	214.889356	28.167305
187	205.044128	28.749573
188	204.992976	29.344808
189	204.917826	29.944549
190	204.846016	30.586089
191	204.748925	31.231245
192	204.628137	31.882656
193	204.495739	32.558754
194	204.361309	33.275398
195	204.206486	34.005293
196	204.030424	34.747826
197	203.847447	35.528089
198	203.660428	36.353000
199	203.440831	37.172791
200	203.201767	38.012274
201	202.945700	38.877478
202	202.680156	39.785173
203	202.400838	40.728691
204	202.091466	41.674579
205	201.763724	42.649925
206	201.433055	43.693134
207	201.091408	44.788556
208	200.723802	45.901140
209	200.351965	47.090673
210	199.979726	48.373334
211	199.597975	49.729107
212	199.222512	51.212899
213	198.868331	52.884798
214	198.525100	54.725896
215	198.169134	56.664079
216	197.820197	58.786120
217	197.474048	61.092583
218	197.067136	63.314097
219	196.662995	65.745389
220	196.231474	68.252788
221	195.778402	70.875509
222	195.303895	73.626502
223	194.815773	76.571059
224	194.320490	79.779113
225	193.821443	83.312916
226	193.341805	87.415253
227	192.844522	91.835533
228	192.378941	97.130100
229	191.959414	103.629003
230	191.577989	111.471328
231	191.181411	120.145523
232	190.708741	128.768868
233	190.367014	141.249446
234	190.025562	155.664941
235	189.620129	170.731132
236	189.150450	186.444783
237	188.729007	206.907971
238	188.257614	229.293441
239	187.888095	262.006933
240	187.538538	303.387025
241	187.238771	358.600877
242	186.982612	431.748525
243	186.754249	526.891818
244	186.608273	661.359368
245	186.507246	844.683229
246	186.239248	1027.892257
247	185.887756	1230.798940
248	185.455349	1453.126812
249	184.976941	1726.287824
250	184.397446	2015.354260
251	183.819193	2495.901866
252	183.290058	3480.543109
253	182.805195	5706.130046
254	181.976406	7120.964817
255	8.314500	inf
